Sporadic-A2;2205;0.00;5.66;4.19;4.12;9;-98;155;536;-112;-58;99112.80;8.25;0;0;0;0
Sporadic-A2;3283;-0.21;5.55;4.11;4.03;42;-56;159;535;-117;-59;99115.27;8.32;0;0;0;0
Sporadic-A2;4332;-0.51;5.71;4.18;3.98;45;-72;140;533;-123;-57;99118.85;8.40;0;0;0;0
Sporadic-A2;2186;0.00;6.26;4.55;1.61;-98;-4022;621;510;-120;-144;99125.17;8.38;0;0;0;0
Sporadic-A2;3234;-0.56;6.19;5.23;0.14;-14;-88;-344;500;-136;-96;99131.75;8.44;0;0;0;0
Sporadic-A2;4283;-0.16;6.16;4.47;0.70;262;-352;124;516;-126;-88;99127.05;8.52;0;0;0;0
Sporadic-A2;5347;-1.02;6.43;4.78;0.72;116;-44;67;521;-127;-79;99137.25;8.59;0;0;0;0
Sporadic-A2;6394;-0.52;4.93;6.19;1.03;-1508;1445;-153;445;-173;-111;99131.31;8.65;0;0;0;0
Sporadic-A2;7444;-1.22;4.95;5.71;2.36;-570;849;271;407;-199;-97;99139.58;8.72;0;0;0;0
Sporadic-A2;8493;0.24;1.39;6.82;3.66;620;1296;-499;313;-225;-41;99122.42;8.78;0;0;0;0
Sporadic-A2;9541;0.08;2.65;7.26;2.64;624;52;-651;362;-222;-14;99124.24;8.83;0;0;0;0
Sporadic-A2;10590;-0.64;0.51;9.09;2.21;-493;1330;-429;330;-228;22;99132.69;8.87;0;0;0;0
Sporadic-A2;11653;-0.54;0.71;8.11;1.90;-42;-570;-488;313;-203;93;99131.50;8.92;0;0;0;0
Sporadic-A2;12701;0.28;0.23;8.29;0.39;1424;1686;645;321;-207;77;99121.85;8.96;0;0;0;0
Sporadic-A2;13750;-0.40;0.08;6.67;0.26;92;264;10;338;-182;64;99129.97;9.00;0;0;0;0
Sporadic-A2;14798;0.43;0.10;7.98;0.17;4;-34;68;350;-256;60;99120.13;9.04;0;0;0;0
Sporadic-A2;15847;-0.27;0.05;9.40;0.47;-36;-35;89;311;-243;69;99128.43;9.05;0;0;0;0
Sporadic-A2;16896;0.09;0.16;8.38;0.68;87;-306;-110;299;-277;71;99124.17;9.04;0;0;0;0
Sporadic-A2;17958;0.74;0.16;7.90;0.08;-31;-63;88;457;-151;99;99116.44;9.05;0;0;0;0
Sporadic-A2;19006;0.83;0.18;7.79;0.12;106;-291;126;300;-196;66;99115.42;9.05;0;0;0;0
Sporadic-A2;20055;1.24;0.37;8.26;0.38;40;-74;75;312;-218;70;99110.61;9.05;0;0;0;0
Sporadic-A2;21103;1.47;0.04;8.25;0.52;-183;-200;128;320;-226;82;99107.86;9.07;0;0;0;0
Sporadic-A2;22152;1.37;0.04;8.24;0.10;-80;-177;138;322;-228;82;99109.07;9.10;0;0;0;0
Sporadic-A2;23200;1.56;0.10;8.25;0.20;28;-100;116;335;-233;83;99106.78;9.13;0;0;0;0
Sporadic-A2;24257;0.50;0.11;8.19;0.27;-49;-195;26;329;-237;93;99119.24;9.15;0;0;0;0
Sporadic-A2;25281;0.66;0.07;8.29;0.46;-13;-487;87;323;-235;95;99117.39;9.19;0;0;0;0
Sporadic-A2;26305;1.40;0.24;8.13;0.91;-127;128;-8;384;-196;208;99108.67;9.21;0;0;0;0
Sporadic-A2;27329;2.29;0.01;8.18;0.40;-31;-73;85;397;-195;213;99098.17;9.25;0;0;0;0
Sporadic-A2;28354;1.85;0.01;8.09;0.54;82;160;81;413;-193;213;99103.32;9.29;0;0;0;0
Sporadic-A2;29378;1.71;0.03;8.09;0.33;39;197;83;434;-188;200;99105.06;9.30;0;0;0;0
Sporadic-A2;30404;1.18;0.15;8.20;0.45;-19;-6;93;432;-198;198;99106.79;9.33;0;0;0;0
Sporadic-A2;31428;1.37;0.03;8.15;0.40;-4;-54;93;428;-188;198;99109.05;9.36;0;0;0;0
Sporadic-A2;32452;1.33;0.01;8.17;0.26;-22;-24;79;423;-191;199;99109.44;9.38;0;0;0;0
Sporadic-A2;33476;1.06;0.22;8.18;0.33;-24;-16;95;428;-192;194;99112.69;9.40;0;0;0;0
Sporadic-A2;34500;1.56;0.05;8.20;0.31;-17;-37;86;428;-184;202;99106.72;9.41;0;0;0;0
Sporadic-A2;35524;1.27;0.08;8.19;0.32;-20;-24;87;426;-190;194;99110.24;9.42;0;0;0;0
Sporadic-A2;36551;1.69;0.11;8.19;0.23;-20;3;97;424;-194;198;99105.24;9.44;0;0;0;0
Sporadic-A2;37575;1.71;0.11;8.18;0.40;-18;-14;99;426;-196;200;99105.00;9.46;0;0;0;0
Sporadic-A2;38599;1.74;0.08;8.16;0.49;-21;-6;85;424;-188;194;99104.69;9.48;0;0;0;0
Sporadic-A2;39623;1.87;0.01;8.13;0.16;-27;-39;92;433;-193;197;99103.17;9.49;0;0;0;0
Sporadic-A2;40647;1.71;0.01;8.19;0.42;-24;-16;90;424;-196;202;99104.96;9.49;0;0;0;0
Sporadic-A2;41671;2.30;0.11;8.27;0.32;-20;-2;79;428;-200;200;99098.02;9.49;0;0;0;0
Sporadic-A2;42697;2.20;0.04;8.15;0.43;-12;-31;83;423;-189;197;99099.28;9.49;0;0;0;0
Sporadic-A2;43721;2.65;0.01;8.20;0.35;-4;0;97;431;-195;197;99093.94;9.49;0;0;0;0
Sporadic-A2;44745;0.96;0.13;8.22;0.20;-26;-9;71;423;-189;201;99113.87;9.49;0;0;0;0
Sporadic-A2;45769;2.62;0.35;8.26;0.49;-60;-36;91;424;-194;200;99096.66;9.51;0;0;0;0
Sporadic-A2;46793;1.67;0.24;8.27;0.42;-29;-19;91;419;-193;205;99105.52;9.51;0;0;0;0
Sporadic-A2;47817;1.80;0.08;8.18;0.36;-10;-14;87;425;-195;201;99103.99;9.53;0;0;0;0
Sporadic-A2;48841;1.16;0.04;8.20;0.58;-17;2;77;427;-201;197;99111.50;9.54;0;0;0;0
Sporadic-A2;49867;1.11;0.06;8.21;0.26;-15;517;174;441;-197;193;99112.10;9.56;0;0;0;0
Sporadic-A2;50891;1.13;0.19;7.52;0.12;-190;-528;25;432;-186;180;99111.82;9.57;0;0;0;0
Sporadic-A2;51915;0.16;0.08;6.09;0.56;-284;4367;534;480;-180;124;99123.35;9.60;0;0;0;0
Sporadic-A2;52939;0.47;0.20;8.22;0.30;-112;37;51;499;-193;67;99119.66;9.62;0;0;0;0
Sporadic-A2;53963;0.72;0.06;8.17;0.02;-33;-25;77;498;-186;76;99116.66;9.64;0;0;0;0
Sporadic-A2;54987;0.48;0.22;8.20;0.19;-19;-28;90;507;-181;77;99119.57;9.66;0;0;0;0
Sporadic-A2;56014;0.66;0.01;8.20;0.13;-18;-26;87;496;-190;72;99117.36;9.68;0;0;0;0
Sporadic-A2;57038;0.64;0.24;8.24;0.53;-14;-168;78;484;-178;94;99117.67;9.71;0;0;0;0
Sporadic-A2;58062;0.03;0.17;8.13;0.32;-1;142;96;519;-195;55;99124.89;9.74;0;0;0;0
Sporadic-A2;59086;0.07;0.04;8.19;0.28;53;60;30;525;-187;85;99124.38;9.75;0;0;0;0
Sporadic-A2;60110;1.10;0.47;8.18;0.32;-16;229;107;520;-180;110;99112.58;9.79;0;0;0;0
Sporadic-A2;61134;0.36;0.18;8.20;0.21;-25;-24;78;481;-185;91;99120.93;9.81;0;0;0;0
Sporadic-A2;62160;0.14;0.20;8.19;0.21;-46;-132;171;499;-189;109;99123.57;9.84;0;0;0;0
Sporadic-A2;63185;-0.37;0.01;8.20;0.22;-23;-79;65;478;-184;154;99129.52;9.86;0;0;0;0
Sporadic-A2;64209;0.05;0.01;8.14;0.10;71;26;70;483;-193;157;99124.60;9.88;0;0;0;0
Sporadic-A2;65233;0.81;0.38;8.25;0.19;-25;-101;102;467;-183;173;99115.63;9.91;0;0;0;0
Sporadic-A2;721;-0.21;0.21;7.21;0.75;44;-818;-331;425;-179;113;99127.61;9.96;0;0;0;0
Sporadic-A2;1745;0.76;0.00;8.12;0.00;-267;-1486;235;375;-191;209;99116.25;9.97;0;0;0;0
Sporadic-A2;2771;0.10;0.06;8.21;0.38;-47;83;73;355;-199;213;99123.97;10.02;0;0;0;0
Sporadic-A2;3795;0.10;0.02;8.19;0.54;-21;-14;89;301;-197;213;99124.07;10.04;0;0;0;0
Sporadic-A2;4819;0.01;0.23;7.88;0.00;-13;-568;161;293;-227;213;99125.05;10.07;0;0;0;0
Sporadic-A2;5843;0.54;0.11;8.17;0.08;-164;211;-8;266;-246;126;99118.75;10.09;0;0;0;0
Sporadic-A2;6868;0.10;0.23;8.57;0.21;-30;267;100;285;-231;77;99124.07;10.14;0;0;0;0
Sporadic-A2;7892;0.53;0.05;8.34;0.17;-32;-107;68;279;-213;67;99118.89;10.17;0;0;0;0
Sporadic-A2;8919;1.58;0.15;7.93;0.21;-190;27;154;281;-213;63;99109.69;10.20;0;0;0;0
Sporadic-A2;9943;0.86;0.03;8.20;0.29;10;-67;348;285;-207;59;99115.00;10.24;0;0;0;0
Sporadic-A2;10967;1.12;0.19;8.30;0.21;-74;197;84;287;-209;59;99111.96;10.26;0;0;0;0
Sporadic-A2;11991;0.69;0.30;8.53;0.22;137;-91;-22;289;-207;59;99117.01;10.29;0;0;0;0
Sporadic-A2;13015;1.08;0.02;7.55;0.41;-56;181;68;298;-210;60;99112.39;10.32;0;0;0;0
Sporadic-A2;14039;0.62;0.29;8.37;0.32;-47;-92;82;301;-211;65;99117.82;10.34;0;0;0;0
Sporadic-A2;15066;0.28;0.07;8.18;0.01;-26;-302;95;297;-209;67;99121.86;10.37;0;0;0;0
Sporadic-A2;16090;1.24;0.26;8.29;0.38;-123;743;173;305;-215;59;99110.55;10.40;0;0;0;0
Sporadic-A2;17114;0.69;0.16;8.16;0.01;-46;202;168;307;-215;67;99117.08;10.43;0;0;0;0
Sporadic-A2;18138;0.81;0.28;8.15;0.23;-54;306;86;318;-210;66;99115.69;10.46;0;0;0;0
Sporadic-A2;19162;0.90;0.30;8.16;0.42;-22;0;100;331;-211;59;99114.61;10.48;0;0;0;0
Sporadic-A2;20187;1.09;0.04;9.21;0.16;-37;206;-15;326;-224;58;99112.30;10.49;0;0;0;0
Sporadic-A2;21213;0.73;0.15;8.21;0.15;-15;-7;100;333;-213;63;99117.77;10.52;0;0;0;0
Sporadic-A2;22237;1.07;0.07;8.24;0.36;16;34;97;335;-221;71;99112.54;10.55;0;0;0;0
Sporadic-A2;23261;0.86;0.07;8.24;0.32;-6;-154;55;325;-221;61;99115.07;10.58;0;0;0;0
Sporadic-A2;24285;0.77;0.19;8.18;0.07;-275;-84;78;318;-206;62;99116.14;10.61;0;0;0;0
Sporadic-A2;25310;1.05;0.25;8.30;0.38;-104;-837;-282;315;-221;59;99112.85;10.63;0;0;0;0
Sporadic-A2;26334;0.93;0.07;8.44;0.01;-562;-231;106;307;-205;65;99114.19;10.64;0;0;0;0
Sporadic-A2;27360;2.01;0.10;8.19;0.13;-15;11;70;307;-211;67;99101.53;10.65;0;0;0;0
Sporadic-A2;28384;1.78;0.40;8.21;0.23;-23;-93;100;297;-203;63;99104.14;10.68;0;0;0;0
Sporadic-A2;29408;1.57;0.06;8.20;0.14;-18;-34;83;304;-202;66;99106.64;10.70;0;0;0;0
Sporadic-A2;30432;0.96;0.04;8.23;0.25;36;26;84;307;-205;67;99113.89;10.72;0;0;0;0
Sporadic-A2;31456;1.01;0.20;8.18;0.20;-22;4;89;314;-206;68;99113.30;10.75;0;0;0;0
Sporadic-A2;32480;1.70;0.05;8.23;0.24;-13;-32;83;308;-206;68;99105.19;10.77;0;0;0;0
Sporadic-A2;33507;1.51;0.04;8.18;0.15;-31;-6;93;309;-207;67;99107.35;10.80;0;0;0;0
Sporadic-A2;34531;1.44;0.10;8.18;0.25;-26;-17;91;308;-210;66;99108.21;10.82;0;0;0;0
Sporadic-A2;35555;1.08;0.01;8.20;0.18;-20;-20;90;308;-214;68;99112.47;10.85;0;0;0;0
Sporadic-A2;36579;0.42;0.05;8.20;0.20;-14;-5;88;307;-203;63;99120.22;10.88;0;0;0;0
Sporadic-A2;37603;1.26;0.01;8.17;0.13;-21;0;88;308;-210;64;99110.36;10.90;0;0;0;0
Sporadic-A2;38627;0.54;0.02;8.21;0.28;-11;-20;83;309;-205;69;99118.82;10.93;0;0;0;0
Sporadic-A2;39653;1.31;0.07;8.20;0.13;-22;-28;91;305;-207;67;99109.77;10.95;0;0;0;0
Sporadic-A2;40677;1.45;0.03;8.19;0.20;-17;-20;88;316;-214;68;99108.11;10.98;0;0;0;0
Sporadic-A2;41701;0.39;0.10;8.20;0.19;-17;4;88;310;-204;68;99120.62;11.01;0;0;0;0
Sporadic-A2;42725;0.20;0.00;8.20;0.09;-19;-9;88;305;-209;61;99122.80;11.03;0;0;0;0
Sporadic-A2;43749;0.21;0.04;8.20;0.20;-18;-23;86;308;-202;72;99122.76;11.05;0;0;0;0
Sporadic-A2;44773;-0.18;0.01;8.20;0.19;-24;-10;88;305;-199;69;99127.29;11.06;0;0;0;0
Sporadic-A2;45799;0.11;0.03;8.20;0.19;-23;-19;91;316;-204;62;99123.94;11.08;0;0;0;0
Sporadic-A2;46823;0.29;0.00;8.20;0.15;-19;-20;87;308;-208;60;99121.80;11.09;0;0;0;0
Sporadic-A2;47847;0.66;0.01;8.20;0.19;-18;-21;87;315;-215;65;99117.38;11.11;0;0;0;0
Sporadic-A2;48872;0.41;0.02;8.20;0.20;-20;-24;87;306;-210;60;99120.38;11.13;0;0;0;0
Sporadic-A2;49896;0.93;0.00;8.20;0.15;-20;-27;87;315;-205;65;99114.24;11.15;0;0;0;0
Sporadic-A2;50920;1.06;0.00;8.18;0.17;-19;-16;90;309;-207;69;99112.64;11.17;0;0;0;0
Sporadic-A2;51946;1.22;0.03;8.19;0.30;-20;25;92;314;-204;64;99110.77;11.19;0;0;0;0
Sporadic-A2;52970;0.53;0.02;8.16;0.03;23;213;82;309;-213;75;99118.97;11.21;0;0;0;0
Sporadic-A2;53994;1.23;0.08;8.23;0.38;69;-440;-7;302;-214;64;99110.69;11.24;0;0;0;0
Sporadic-A2;55018;0.12;0.01;8.21;0.13;-25;-53;82;283;-205;63;99123.71;11.23;0;0;0;0
Sporadic-A2;56042;0.89;0.17;8.19;0.07;-19;9;89;277;-207;63;99114.67;11.23;0;0;0;0
Sporadic-A2;57066;0.09;0.03;8.18;0.05;-26;-45;88;283;-205;65;99124.14;11.25;0;0;0;0
Sporadic-A2;58093;0.69;0.02;8.20;0.16;-16;-84;95;274;-204;66;99117.07;11.26;0;0;0;0
Sporadic-A2;59117;0.33;0.16;8.18;0.20;22;-21;68;277;-209;67;99121.33;11.29;0;0;0;0
Sporadic-A2;60141;1.19;0.04;8.18;0.00;-1;20;129;278;-202;62;99111.14;11.31;0;0;0;0
Sporadic-A2;61165;1.46;0.04;8.19;0.10;-19;6;85;281;-207;67;99107.93;11.33;0;0;0;0
Sporadic-A2;62189;1.17;0.02;8.20;0.12;-17;-24;83;275;-209;59;99111.39;11.36;0;0;0;0
Sporadic-A2;63213;1.00;0.13;8.20;0.14;-21;-30;86;284;-208;60;99112.47;11.38;0;0;0;0
Sporadic-A2;64239;1.19;0.05;8.18;0.20;-15;-20;90;283;-207;59;99111.14;11.41;0;0;0;0
Sporadic-A2;65263;0.63;0.01;8.17;0.04;-18;-18;88;280;-204;62;99117.80;11.43;0;0;0;0
Sporadic-A2;751;0.32;0.09;8.20;0.09;-18;-34;88;280;-210;70;99121.42;11.45;0;0;0;0
Sporadic-A2;1775;0.51;0.05;8.20;0.08;-20;-12;90;279;-205;61;99119.14;11.47;0;0;0;0
Sporadic-A2;2799;-0.50;0.00;8.18;0.15;-25;-15;81;281;-209;61;99131.13;11.48;0;0;0;0
Sporadic-A2;3823;0.68;0.17;8.20;0.20;-12;7;73;280;-206;60;99117.21;11.51;0;0;0;0
Sporadic-A2;4849;0.35;0.08;8.20;0.17;-14;-15;86;287;-217;65;99121.08;11.52;0;0;0;0
Sporadic-A2;5873;0.75;0.03;8.19;0.15;-15;-2;90;278;-208;74;99116.33;11.53;0;0;0;0
Sporadic-A2;6897;1.08;0.05;8.22;0.06;-28;-12;87;275;-207;63;99119.89;11.55;0;0;0;0
Sporadic-A2;7921;0.17;0.09;8.18;0.06;-37;-167;84;273;-199;59;99123.17;11.56;0;0;0;0
Sporadic-A2;8945;-0.07;0.17;8.19;0.13;-21;131;94;293;-203;73;99126.03;11.57;0;0;0;0
Sporadic-A2;9969;0.07;0.15;8.20;0.10;-37;-22;64;282;-198;64;99124.30;11.59;0;0;0;0
Sporadic-A2;10995;0.12;0.09;8.18;0.02;-15;24;95;282;-206;64;99123.82;11.59;0;0;0;0
Sporadic-A2;12019;0.00;0.07;8.20;0.10;-31;-20;87;278;-208;68;99125.18;11.60;0;0;0;0
Sporadic-A2;13043;-0.47;0.06;8.19;0.00;-21;-16;87;286;-208;62;99130.68;11.59;0;0;0;0
Sporadic-A2;14067;-0.34;0.09;8.19;0.08;-20;135;93;271;-205;65;99129.14;11.57;0;0;0;0
Sporadic-A2;15091;-0.29;0.19;8.17;0.12;-35;-233;63;286;-208;60;99128.58;11.57;0;0;0;0
Sporadic-A2;16115;0.04;0.09;8.18;0.02;-23;14;98;284;-212;62;99122.06;11.57;0;0;0;0
Sporadic-A2;17142;0.33;0.10;8.20;0.21;-11;-13;88;276;-204;58;99121.35;11.59;0;0;0;0
Sporadic-A2;18166;0.73;0.03;8.20;0.06;-16;-9;87;289;-211;61;99116.51;11.60;0;0;0;0
Sporadic-A2;19190;0.33;0.16;8.19;0.11;-19;-5;89;284;-204;64;99121.27;11.62;0;0;0;0
Sporadic-A2;20214;-0.41;0.02;8.17;0.06;-26;-2;74;290;-200;66;99129.99;11.64;0;0;0;0
Sporadic-A2;21238;0.15;0.10;8.24;0.24;-41;16;54;285;-207;63;99123.41;11.64;0;0;0;0
Sporadic-A2;22262;-0.73;0.12;8.22;0.25;-32;-70;80;275;-209;63;99133.75;11.64;0;0;0;0
Sporadic-A2;23288;1.12;0.19;8.20;0.00;-30;-69;73;282;-204;58;99111.94;11.65;0;0;0;0
Sporadic-A2;24312;0.63;0.13;8.24;0.09;44;-89;98;279;-209;67;99117.77;11.66;0;0;0;0
Sporadic-A2;25337;0.77;0.21;8.21;0.16;-87;68;59;283;-203;63;99119.18;11.69;0;0;0;0
Sporadic-A2;26361;0.40;0.26;8.20;0.03;-12;-57;64;279;-199;61;99120.47;11.70;0;0;0;0
Sporadic-A2;27385;0.68;0.09;8.18;0.14;-33;3;101;280;-206;64;99117.11;11.72;0;0;0;0
Sporadic-A2;28409;1.50;0.12;8.19;0.09;-2;33;59;278;-204;60;99107.44;11.74;0;0;0;0
Sporadic-A2;29435;-0.55;0.21;8.20;0.29;-19;23;89;278;-212;60;99131.68;11.75;0;0;0;0
Sporadic-A2;30459;2.20;0.26;8.29;0.12;-61;227;261;277;-201;71;99099.19;11.76;0;0;0;0
Sporadic-A2;31483;0.68;0.03;8.19;0.02;-26;26;105;285;-217;65;99117.11;11.77;0;0;0;0
Sporadic-A2;32508;-0.68;0.10;8.20;0.07;-9;-140;103;286;-208;66;99133.22;11.78;0;0;0;0
Sporadic-A2;33532;-1.39;0.09;8.19;0.25;-21;-22;87;286;-206;68;99141.61;11.75;0;0;0;0
Sporadic-A2;34556;-0.76;0.16;8.19;0.04;-29;-34;91;277;-213;65;99134.14;11.74;0;0;0;0
Sporadic-A2;35582;-0.12;0.03;8.19;0.01;-13;-29;88;281;-211;59;99126.57;11.72;0;0;0;0
Sporadic-A2;36608;-0.13;0.04;8.18;0.05;-18;-18;91;281;-209;61;99126.75;11.71;0;0;0;0
Sporadic-A2;37632;-0.69;0.15;8.23;0.34;-14;-22;89;281;-207;69;99133.36;11.72;0;0;0;0
Sporadic-A2;38656;1.35;0.02;8.20;0.04;-26;-56;93;280;-200;62;99109.27;11.72;0;0;0;0
Sporadic-A2;39680;-0.13;0.09;8.21;0.31;15;-17;72;281;-205;65;99126.76;11.73;0;0;0;0
Sporadic-A2;40704;-0.03;0.16;8.16;0.12;-65;-18;17;282;-212;64;99125.60;11.75;0;0;0;0
Sporadic-A2;41731;1.07;0.04;8.19;0.20;-15;-24;89;280;-208;56;99112.54;11.76;0;0;0;0
Sporadic-A2;42755;0.84;0.10;8.17;0.13;-20;-21;85;283;-211;63;99115.32;11.79;0;0;0;0
Sporadic-A2;43779;1.00;0.03;8.20;0.14;-14;-47;96;282;-206;62;99113.44;11.81;0;0;0;0
Sporadic-A2;44803;0.86;0.03;8.19;0.06;-20;-29;89;281;-211;63;99114.98;11.83;0;0;0;0
Sporadic-A2;45827;0.57;0.12;8.24;0.01;-186;-179;-22;287;-203;65;99118.42;11.84;0;0;0;0
Sporadic-A2;46851;1.12;0.08;8.20;0.17;22;-27;89;284;-204;58;99111.96;11.85;0;0;0;0
Sporadic-A2;47878;1.66;0.10;8.17;0.12;-4;7;93;277;-203;63;99105.65;11.88;0;0;0;0
Sporadic-A2;48902;0.96;0.03;8.20;0.15;-10;-37;87;282;-206;52;99113.80;11.89;0;0;0;0
Sporadic-A2;49926;1.96;0.23;8.17;0.01;-26;-24;68;278;-204;68;99102.05;11.90;0;0;0;0
Sporadic-A2;50950;0.90;0.12;8.20;0.10;-10;-72;82;287;-201;67;99114.63;11.91;0;0;0;0
Sporadic-A2;51974;2.63;0.12;8.16;0.06;-3;-171;64;283;-207;67;99108.00;11.93;0;0;0;0
Sporadic-A2;52998;1.00;0.27;8.17;0.11;-31;55;134;277;-211;59;99113.41;11.93;0;0;0;0
Sporadic-A2;54025;1.27;0.01;8.20;0.04;-20;138;73;278;-210;64;99110.22;11.94;0;0;0;0
Sporadic-A2;55049;1.48;0.08;8.19;0.15;40;-134;49;284;-212;56;99107.69;11.95;0;0;0;0
Sporadic-A2;56073;1.33;0.56;8.26;1.15;223;480;112;279;-203;67;99109.44;11.96;0;0;0;0
Sporadic-A2;57097;1.52;0.17;8.24;0.16;73;112;64;283;-199;71;99107.19;11.97;0;0;0;0
Sporadic-A2;58121;1.70;0.02;8.19;0.09;-28;-25;87;283;-207;61;99105.17;11.99;0;0;0;0
Sporadic-A2;59145;1.62;0.08;8.21;0.29;-17;-1;92;277;-205;67;99106.10;12.00;0;0;0;0
Sporadic-A2;60171;1.47;0.33;8.22;0.20;-72;-14;35;281;-209;61;99107.86;12.02;0;0;0;0
Sporadic-A2;61195;0.96;0.18;8.16;0.06;40;27;73;281;-205;57;99113.85;12.04;0;0;0;0
Sporadic-A2;62219;1.08;0.01;8.21;0.20;138;-41;198;278;-202;60;99112.51;12.05;0;0;0;0
Sporadic-A2;63243;0.75;0.02;8.17;0.06;5;10;19;282;-214;64;99116.33;12.05;0;0;0;0
Sporadic-A2;64267;1.37;0.27;8.10;0.23;-32;-38;132;285;-207;65;99109.07;12.08;0;0;0;0
Sporadic-A2;65291;1.77;0.01;8.20;0.06;-17;-8;79;284;-202;62;99104.36;12.09;0;0;0;0
Sporadic-A2;782;2.09;0.11;8.20;0.20;-14;-41;86;283;-209;65;99100.49;12.11;0;0;0;0
Sporadic-A2;1806;1.31;0.09;8.17;0.03;-36;-23;98;285;-205;65;99109.72;12.12;0;0;0;0
Sporadic-A2;2830;1.54;0.09;8.17;0.01;-14;-27;109;292;-204;66;99107.07;12.14;0;0;0;0
Sporadic-A2;3854;1.42;0.02;8.20;0.18;-20;-29;85;286;-212;68;99108.41;12.16;0;0;0;0
Sporadic-A2;4878;1.02;0.09;8.19;0.03;-21;-16;91;282;-216;62;99113.19;12.16;0;0;0;0
Sporadic-A2;5902;1.23;0.14;8.18;0.12;-18;-19;90;289;-205;63;99110.67;12.17;0;0;0;0
Sporadic-A2;6928;2.19;0.08;8.18;0.03;-21;-27;86;283;-207;63;99099.42;12.17;0;0;0;0
Sporadic-A2;7952;1.66;0.00;8.20;0.17;-16;-21;94;276;-202;60;99105.63;12.19;0;0;0;0
Sporadic-A2;8976;1.56;0.13;8.19;0.04;-27;-28;86;275;-203;65;99106.75;12.20;0;0;0;0
Sporadic-A2;10000;1.85;0.20;8.20;0.14;-7;-20;92;287;-205;67;99103.36;12.21;0;0;0;0
Sporadic-A2;11024;1.26;0.29;8.18;0.01;-16;-13;107;285;-211;67;99110.30;12.21;0;0;0;0
Sporadic-A2;12048;2.38;0.07;8.19;0.11;-10;-32;83;278;-206;62;99097.09;12.23;0;0;0;0
Sporadic-A2;13075;1.88;0.21;8.22;0.22;-14;-3;92;281;-207;65;99102.97;12.25;0;0;0;0
Sporadic-A2;14099;1.65;0.14;8.18;0.19;-14;-26;90;283;-207;63;99105.78;12.26;0;0;0;0
Sporadic-A2;15123;1.44;0.03;8.18;0.22;-22;-43;91;285;-203;63;99108.22;12.29;0;0;0;0
Sporadic-A2;16147;2.47;0.25;8.19;0.09;-3;1;3;281;-209;61;99096.11;12.29;0;0;0;0
Sporadic-A2;17171;2.17;0.01;8.19;0.04;-43;-166;85;283;-209;65;99099.52;12.29;0;0;0;0
Sporadic-A2;18195;1.53;0.03;8.19;0.05;-40;-11;105;279;-209;61;99107.15;12.30;0;0;0;0
Sporadic-A2;19219;1.88;0.33;8.17;0.06;-27;-35;76;279;-205;65;99102.69;12.31;0;0;0;0
Sporadic-A2;20245;2.24;0.04;8.21;0.14;-11;-15;75;279;-205;67;99098.83;12.31;0;0;0;0
Sporadic-A2;21270;1.15;0.35;8.21;0.18;0;5;75;285;-207;63;99111.66;12.32;0;0;0;0
Sporadic-A2;22293;1.19;0.24;8.16;0.03;-12;12;82;284;-208;64;99111.12;12.33;0;0;0;0
Sporadic-A2;23318;1.51;0.16;8.20;0.14;0;13;115;282;-204;72;99107.36;12.34;0;0;0;0
Sporadic-A2;24342;1.47;0.02;8.18;0.03;-18;-41;95;289;-209;59;99107.80;12.35;0;0;0;0
Sporadic-A2;25366;1.58;0.12;8.18;0.02;-13;-20;90;279;-205;65;99106.55;12.36;0;0;0;0
Sporadic-A2;26392;1.89;0.01;8.16;0.04;-27;-19;93;283;-205;61;99102.85;12.36;0;0;0;0
Sporadic-A2;27416;2.30;0.36;8.18;0.31;15;-20;89;283;-211;69;99102.50;12.38;0;0;0;0
Sporadic-A2;28440;0.64;0.29;8.22;0.04;-9;-27;68;280;-202;64;99117.64;12.39;0;0;0;0
Sporadic-A2;29464;1.00;0.32;8.27;0.23;24;9;154;279;-201;59;99113.35;12.40;0;0;0;0
Sporadic-A2;30488;0.65;0.24;8.16;0.05;-31;35;86;291;-209;65;99117.52;12.41;0;0;0;0
Sporadic-A2;31512;2.07;0.14;8.21;0.10;-1;-19;83;282;-208;60;99100.82;12.42;0;0;0;0
Sporadic-A2;32539;0.91;0.24;8.13;0.22;-129;148;-32;284;-208;64;99114.40;12.42;0;0;0;0
Sporadic-A2;33563;2.30;0.05;8.19;0.04;36;-74;49;281;-207;63;99098.10;12.43;0;0;0;0
Sporadic-A2;34587;1.15;0.19;8.20;0.03;2;-31;85;284;-218;60;99111.59;12.43;0;0;0;0
Sporadic-A2;35611;1.12;0.10;8.18;0.11;-22;-2;94;283;-213;63;99112.01;12.41;0;0;0;0
Sporadic-A2;36635;1.05;0.07;8.22;0.15;9;-37;95;284;-210;62;99112.78;12.43;0;0;0;0
Sporadic-A2;37659;1.73;0.27;8.14;0.01;-44;-21;137;278;-208;62;99104.81;12.45;0;0;0;0
Sporadic-A2;38686;1.17;0.11;8.17;0.03;-22;-7;74;281;-209;59;99111.44;12.45;0;0;0;0
Sporadic-A2;39710;2.20;0.13;8.18;0.03;-34;-15;92;282;-212;72;99099.22;12.46;0;0;0;0
Sporadic-A2;40734;1.53;0.07;8.17;0.19;11;-18;75;282;-208;54;99107.12;12.47;0;0;0;0
Sporadic-A2;41758;0.95;0.05;8.19;0.09;-18;15;80;285;-211;67;99113.92;12.46;0;0;0;0
Sporadic-A2;42782;1.42;0.02;8.19;0.09;-15;3;90;278;-204;62;99108.39;12.47;0;0;0;0
Sporadic-A2;43806;2.29;0.25;8.16;0.02;-18;21;68;281;-205;59;99098.17;12.46;0;0;0;0
Sporadic-A2;44832;2.12;0.39;8.20;0.26;-9;-8;54;282;-208;66;99100.13;12.48;0;0;0;0
Sporadic-A2;45856;1.43;0.21;8.17;0.04;-7;-16;81;279;-205;65;99108.32;12.47;0;0;0;0
Sporadic-A2;46880;1.60;0.04;8.19;0.11;-30;-37;90;279;-209;61;99106.36;12.49;0;0;0;0
Sporadic-A2;47904;2.04;0.28;8.17;0.08;-7;-13;80;283;-211;67;99101.10;12.51;0;0;0;0
Sporadic-A2;48928;1.64;0.14;8.19;0.09;0;147;94;289;-209;69;99105.79;12.52;0;0;0;0
Sporadic-A2;49952;0.75;0.00;8.19;0.07;-38;-104;90;288;-202;62;99116.33;12.53;0;0;0;0
Sporadic-A2;50979;1.00;0.10;8.17;0.15;-9;-23;107;277;-201;65;99099.74;12.54;0;0;0;0
Sporadic-A2;52003;-0.21;0.25;8.18;0.13;-18;-50;81;275;-209;61;99127.69;12.55;0;0;0;0
Sporadic-A2;53027;3.16;0.01;8.19;0.16;-29;-48;86;273;-207;59;99087.86;12.55;0;0;0;0
Sporadic-A2;54051;1.86;0.51;8.07;0.06;-53;15;72;277;-207;59;99103.20;12.56;0;0;0;0
Sporadic-A2;55075;2.82;0.02;8.08;0.01;15;-124;135;280;-206;60;99091.88;12.57;0;0;0;0
Sporadic-A2;56099;2.64;0.07;8.16;0.18;-43;-123;108;283;-205;63;99094.05;12.57;0;0;0;0
Sporadic-A2;57125;1.37;0.15;8.17;0.19;-19;-13;102;275;-211;69;99109.07;12.57;0;0;0;0
Sporadic-A2;58149;2.72;0.19;8.20;0.03;2;-8;66;285;-207;61;99093.14;12.57;0;0;0;0
Sporadic-A2;59173;2.43;0.23;8.13;0.40;-54;-98;70;268;-208;60;99096.49;12.58;0;0;0;0
Sporadic-A2;60198;1.81;0.16;8.17;0.47;-5;-24;102;280;-206;58;99103.85;12.58;0;0;0;0
Sporadic-A2;61222;1.69;0.09;8.20;0.08;-32;-42;96;282;-210;72;99105.22;12.58;0;0;0;0
Sporadic-A2;62246;0.91;0.01;8.20;0.09;-14;-39;98;280;-202;62;99114.39;12.56;0;0;0;0
Sporadic-A2;63272;0.67;0.08;8.18;0.18;25;-43;161;282;-200;58;99117.32;12.57;0;0;0;0
Sporadic-A2;64296;1.85;0.08;8.19;0.12;-26;12;84;278;-210;62;99103.35;12.56;0;0;0;0
Sporadic-A2;65320;0.62;0.04;8.21;0.09;-19;-5;85;279;-199;57;99117.92;12.56;0;0;0;0
Sporadic-A2;808;0.85;0.05;8.16;0.27;-18;4;57;286;-210;62;99114.78;12.56;0;0;0;0
Sporadic-A2;1832;0.73;0.05;8.20;0.16;-31;-235;86;285;-205;63;99116.63;12.57;0;0;0;0
Sporadic-A2;2856;0.53;0.06;8.26;0.31;-7;-56;112;276;-202;54;99118.90;12.57;0;0;0;0
Sporadic-A2;3884;-0.26;0.37;8.39;0.21;-36;-43;152;272;-208;64;99128.27;12.56;0;0;0;0
Sporadic-A2;4908;-0.01;0.15;8.15;0.31;-132;472;-50;276;-206;56;99125.25;12.55;0;0;0;0
Sporadic-A2;5932;0.34;0.32;8.24;0.90;55;27;65;276;-204;58;99121.12;12.56;0;0;0;0
Sporadic-A2;6956;0.83;0.16;8.21;0.20;13;69;112;272;-208;50;99115.35;12.55;0;0;0;0
Sporadic-A2;7980;0.53;0.02;8.15;0.25;-3;-41;96;263;-203;55;99118.96;12.56;0;0;0;0
Sporadic-A2;9004;0.52;0.16;8.19;0.08;-29;-35;85;259;-209;67;99119.02;12.58;0;0;0;0
Sporadic-A2;10030;1.50;0.18;8.17;0.06;-4;-5;91;273;-203;57;99107.44;12.59;0;0;0;0
Sporadic-A2;11055;1.30;0.08;8.19;0.08;-11;-44;98;266;-206;56;99109.82;12.61;0;0;0;0
Sporadic-A2;12079;0.39;0.09;8.17;0.03;-23;-14;84;271;-209;59;99120.62;12.62;0;0;0;0
Sporadic-A2;13103;1.33;0.14;8.18;0.04;-22;-7;89;267;-207;65;99109.45;12.62;0;0;0;0
Sporadic-A2;14127;1.42;0.15;8.19;0.12;-18;-35;93;272;-208;54;99108.47;12.64;0;0;0;0
Sporadic-A2;15151;0.87;0.17;8.16;0.04;-20;132;95;263;-209;59;99114.96;12.68;0;0;0;0
Sporadic-A2;16178;0.83;0.18;8.18;0.06;-7;-5;127;277;-213;59;99115.38;12.68;0;0;0;0
Sporadic-A2;17202;1.18;0.09;8.18;0.02;13;-16;89;272;-196;58;99111.21;12.69;0;0;0;0
Sporadic-A2;18226;1.71;0.09;8.17;0.02;7;-69;74;270;-210;58;99105.03;12.70;0;0;0;0
Sporadic-A2;19250;1.24;0.21;8.19;0.07;11;65;8;267;-205;61;99110.53;12.71;0;0;0;0
Sporadic-A2;20274;2.84;0.10;8.15;0.00;-3;-28;75;277;-205;59;99091.71;12.72;0;0;0;0
Sporadic-A2;21298;2.37;0.02;8.18;0.09;8;-46;97;279;-205;63;99097.25;12.75;0;0;0;0
Sporadic-A2;22325;1.84;0.23;8.21;0.09;-23;-3;90;276;-212;56;99103.52;12.73;0;0;0;0
Sporadic-A2;23349;2.25;0.12;8.19;0.06;-23;-11;71;274;-204;56;99098.63;12.76;0;0;0;0
Sporadic-A2;24373;2.24;0.06;8.18;0.01;-18;-98;92;278;-206;52;99101.00;12.78;0;0;0;0
Sporadic-A2;25402;1.62;0.14;8.18;0.00;-15;-43;96;266;-212;58;99106.10;12.77;0;0;0;0
Sporadic-A2;26427;1.19;0.25;8.17;0.09;-24;-87;81;273;-207;57;99111.19;12.77;0;0;0;0
Sporadic-A2;27451;0.82;0.04;8.20;0.16;-11;-17;89;267;-207;57;99115.55;12.79;0;0;0;0
Sporadic-A2;28477;2.18;0.20;8.17;0.01;-47;-23;121;271;-209;61;99099.48;12.79;0;0;0;0
Sporadic-A2;29501;2.23;0.17;8.19;0.04;-22;-9;66;269;-205;53;99098.89;12.78;0;0;0;0
Sporadic-A2;30525;1.90;0.08;8.18;0.08;-19;-24;98;269;-209;59;99102.75;12.79;0;0;0;0
Sporadic-A2;31549;1.32;0.15;8.19;0.05;-25;-18;95;272;-210;62;99109.67;12.79;0;0;0;0
Sporadic-A2;32573;1.52;0.15;8.19;0.03;-25;-11;93;271;-203;61;99105.00;12.78;0;0;0;0
Sporadic-A2;33597;1.91;0.13;8.18;0.06;-31;-21;98;276;-206;64;99102.65;12.77;0;0;0;0
Sporadic-A2;34624;1.08;0.11;8.18;0.13;-4;-20;84;269;-205;63;99112.44;12.78;0;0;0;0
Sporadic-A2;35648;1.87;0.14;8.18;0.03;-20;-15;88;275;-205;61;99103.11;12.78;0;0;0;0
Sporadic-A2;36672;1.71;0.21;8.18;0.07;-18;-14;86;276;-202;62;99105.02;12.77;0;0;0;0
Sporadic-A2;37696;1.67;0.04;8.18;0.05;-24;-14;95;270;-204;58;99105.53;12.79;0;0;0;0
Sporadic-A2;38720;1.88;0.10;8.18;0.01;-14;-19;98;274;-210;64;99103.06;12.81;0;0;0;0
Sporadic-A2;39744;1.81;0.07;8.19;0.06;-17;-11;88;263;-209;55;99103.88;12.82;0;0;0;0
Sporadic-A2;40770;1.59;0.14;8.19;0.00;-18;-2;89;273;-209;59;99106.39;12.83;0;0;0;0
Sporadic-A2;41794;1.64;0.14;8.18;0.03;-21;-6;86;271;-209;59;99105.86;12.83;0;0;0;0
Sporadic-A2;42818;1.76;0.08;8.20;0.06;-20;-24;89;276;-210;58;99104.46;12.84;0;0;0;0
Sporadic-A2;43842;1.68;0.14;8.19;0.09;-15;-18;86;275;-207;55;99105.41;12.85;0;0;0;0
Sporadic-A2;44867;1.83;0.10;8.18;0.00;-10;-16;81;264;-204;58;99103.55;12.87;0;0;0;0
Sporadic-A2;45891;1.65;0.14;8.19;0.01;-16;-14;98;263;-211;53;99105.67;12.87;0;0;0;0
Sporadic-A2;46915;1.65;0.10;8.18;0.03;-15;-19;84;270;-204;64;99105.74;12.88;0;0;0;0
Sporadic-A2;47941;1.36;0.07;8.20;0.10;-17;-14;88;271;-211;53;99109.17;12.89;0;0;0;0
Sporadic-A2;48965;1.61;0.08;8.19;0.06;-13;-17;87;268;-194;52;99106.13;12.91;0;0;0;0
Sporadic-A2;49989;1.50;0.22;8.18;0.07;-20;-50;85;271;-207;61;99107.53;12.92;0;0;0;0
Sporadic-A2;51014;1.31;0.30;8.19;0.05;-45;65;89;267;-205;57;99109.72;12.94;0;0;0;0
Sporadic-A2;52038;1.54;0.08;8.19;0.05;-18;1;90;274;-210;58;99107.05;12.95;0;0;0;0
Sporadic-A2;53062;1.47;0.09;8.18;0.06;-18;2;91;265;-213;51;99107.90;12.97;0;0;0;0
Sporadic-A2;54088;1.34;0.19;8.20;0.02;-19;10;88;267;-205;61;99109.42;13.00;0;0;0;0
Sporadic-A2;55112;1.67;0.17;8.20;0.11;9;-31;61;267;-203;55;99106.47;13.01;0;0;0;0
Sporadic-A2;56136;1.64;0.05;8.18;0.03;-17;-20;90;269;-201;61;99105.89;13.03;0;0;0;0
Sporadic-A2;57160;1.60;0.23;8.18;0.14;-13;-16;87;270;-208;62;99106.25;13.04;0;0;0;0
Sporadic-A2;58184;1.53;0.13;8.18;0.02;-21;-18;89;275;-205;61;99107.17;13.06;0;0;0;0
Sporadic-A2;59208;1.84;0.17;8.19;0.07;-17;-18;88;272;-212;58;99103.51;13.07;0;0;0;0
Sporadic-A2;60235;1.53;0.09;8.18;0.01;-18;-14;89;276;-212;66;99107.09;13.10;0;0;0;0
Sporadic-A2;61259;1.52;0.12;8.18;0.00;-19;-22;87;273;-205;59;99107.23;13.12;0;0;0;0
Sporadic-A2;62283;1.41;0.27;8.19;0.07;-20;4;90;266;-214;66;99107.66;13.13;0;0;0;0
Sporadic-A2;63307;1.56;0.11;8.20;0.09;-19;30;85;269;-207;63;99106.82;13.15;0;0;0;0
Sporadic-A2;64331;1.42;0.09;8.18;0.01;-18;-20;92;269;-207;55;99108.45;13.16;0;0;0;0
Sporadic-A2;65355;1.34;0.03;8.19;0.12;-22;-9;86;270;-202;58;99109.35;13.17;0;0;0;0
Sporadic-A2;846;1.89;0.02;8.17;0.09;-15;-20;96;269;-207;63;99102.89;13.18;0;0;0;0
Sporadic-A2;1869;1.55;0.25;8.18;0.02;-16;-20;88;276;-200;56;99106.85;13.19;0;0;0;0
Sporadic-A2;2893;1.15;0.16;8.18;0.06;-15;-29;88;273;-207;59;99111.63;13.20;0;0;0;0
Sporadic-A2;3917;1.76;0.05;8.16;0.13;-21;-31;87;272;-208;64;99104.47;13.22;0;0;0;0
Sporadic-A2;4941;1.91;0.14;8.19;0.01;-18;-15;87;267;-209;57;99102.71;13.23;0;0;0;0
Sporadic-A2;5965;1.70;0.09;8.19;0.01;-13;-24;83;267;-211;61;99105.16;13.25;0;0;0;0
Sporadic-A2;6992;1.40;0.16;8.19;0.06;-15;-17;90;271;-207;63;99108.64;13.28;0;0;0;0
Sporadic-A2;8016;1.73;0.15;8.18;0.05;-15;-26;89;274;-206;60;99104.72;13.29;0;0;0;0
Sporadic-A2;9040;1.97;0.04;8.19;0.04;-19;2;90;274;-208;60;99101.96;13.31;0;0;0;0
Sporadic-A2;10064;1.62;0.01;8.18;0.14;-11;-12;86;269;-209;61;99106.08;13.32;0;0;0;0
Sporadic-A2;11088;1.57;0.03;8.19;0.03;-25;3;90;271;-207;59;99106.67;13.34;0;0;0;0
Sporadic-A2;12112;1.22;0.15;8.19;0.12;-18;-9;88;269;-211;69;99110.82;13.36;0;0;0;0
Sporadic-A2;13138;1.64;0.03;8.18;0.02;-24;-15;93;274;-210;56;99105.83;13.37;0;0;0;0
Sporadic-A2;14162;1.50;0.15;8.18;0.07;-16;-20;92;277;-213;63;99107.53;13.37;0;0;0;0
Sporadic-A2;15186;1.14;0.06;8.19;0.03;-20;-9;87;267;-209;57;99111.67;13.40;0;0;0;0
Sporadic-A2;16210;1.16;0.20;8.19;0.06;-19;-12;90;279;-211;61;99111.52;13.41;0;0;0;0
Sporadic-A2;17234;1.04;0.10;8.19;0.14;-19;-52;90;268;-204;60;99112.91;13.42;0;0;0;0
Sporadic-A2;18258;1.11;0.07;8.18;0.05;-6;-75;76;271;-201;63;99112.11;13.44;0;0;0;0
Sporadic-A2;19286;1.48;0.38;8.20;0.08;-23;-36;93;267;-203;63;99107.76;13.44;0;0;0;0
Sporadic-A2;20310;1.65;0.15;8.20;0.01;-19;-9;93;268;-212;64;99105.69;13.43;0;0;0;0
Sporadic-A2;21334;1.98;0.18;8.18;0.05;-10;-19;93;276;-214;62;99101.82;13.43;0;0;0;0
Sporadic-A2;22358;2.05;0.50;8.13;0.38;-18;-7;78;268;-198;64;99101.07;13.44;0;0;0;0
Sporadic-A2;23382;1.75;0.02;8.09;0.80;-129;-3;76;268;-202;64;99104.51;13.45;0;0;0;0
Sporadic-A2;24406;1.56;0.08;8.19;0.34;-47;-49;107;270;-208;52;99106.72;13.48;0;0;0;0
Sporadic-A2;25432;1.87;0.05;8.20;0.12;-35;14;187;268;-210;58;99103.14;13.49;0;0;0;0
Sporadic-A2;26456;1.20;0.03;8.19;0.04;-24;-41;121;267;-205;55;99111.03;13.49;0;0;0;0
Sporadic-A2;27480;1.59;0.11;8.17;0.07;-11;-9;80;265;-203;51;99106.46;13.49;0;0;0;0
Sporadic-A2;28504;2.19;0.08;8.18;0.04;-65;-6;127;266;-212;58;99099.33;13.50;0;0;0;0
Sporadic-A2;29528;1.86;0.15;8.19;0.05;-15;4;89;270;-206;60;99103.26;13.50;0;0;0;0
Sporadic-A2;30553;2.62;0.12;8.15;0.06;-51;-14;124;265;-211;63;99094.27;13.50;0;0;0;0
Sporadic-A2;31579;1.46;0.21;8.20;0.17;-20;0;88;264;-206;54;99107.93;13.52;0;0;0;0
Sporadic-A2;32603;1.27;0.02;8.19;0.12;-23;-4;91;263;-203;53;99110.21;13.52;0;0;0;0
Sporadic-A2;33627;1.48;0.24;8.19;0.06;-40;-27;93;259;-211;51;99107.71;13.55;0;0;0;0
Sporadic-A2;34651;1.64;0.12;8.19;0.16;-6;-5;77;267;-211;63;99105.89;13.55;0;0;0;0
Sporadic-A2;35675;1.11;0.05;8.19;0.03;-21;-13;89;269;-211;53;99112.12;13.56;0;0;0;0
Sporadic-A2;36699;1.01;0.17;8.20;0.22;-14;16;86;264;-204;60;99113.28;13.57;0;0;0;0
Sporadic-A2;37726;1.33;0.00;8.19;0.05;-18;-10;90;265;-211;65;99109.52;13.58;0;0;0;0
Sporadic-A2;38750;1.01;0.09;8.21;0.04;-25;9;80;261;-209;51;99112.24;13.60;0;0;0;0
Sporadic-A2;39774;1.46;0.01;8.19;0.11;-29;-73;98;266;-200;56;99107.92;13.61;0;0;0;0
Sporadic-A2;40798;1.75;0.03;8.19;0.06;-27;24;102;269;-199;57;99104.50;13.61;0;0;0;0
Sporadic-A2;41822;1.42;0.02;8.18;0.02;-21;-20;93;272;-202;58;99108.44;13.62;0;0;0;0
Sporadic-A2;42846;1.75;0.14;8.18;0.02;-19;1;84;257;-209;63;99104.52;13.63;0;0;0;0
Sporadic-A2;43873;1.38;0.09;8.18;0.03;-16;-14;87;269;-209;57;99108.88;13.65;0;0;0;0
Sporadic-A2;44897;1.50;0.08;8.19;0.08;-18;-24;88;269;-213;63;99107.55;13.67;0;0;0;0
Sporadic-A2;45921;2.13;0.09;8.19;0.01;-13;-19;89;264;-212;50;99100.00;13.66;0;0;0;0
Sporadic-A2;46945;1.53;0.12;8.18;0.01;-23;14;105;267;-211;61;99107.13;13.65;0;0;0;0
Sporadic-A2;47969;1.55;0.08;8.18;0.07;-22;-11;83;258;-210;60;99106.85;13.66;0;0;0;0
Sporadic-A2;48993;1.31;0.25;8.19;0.29;5;-52;88;270;-210;58;99109.75;13.66;0;0;0;0
Sporadic-A2;50019;1.22;0.01;8.17;0.03;-8;-53;85;270;-210;54;99110.80;13.68;0;0;0;0
Sporadic-A2;51044;1.43;0.17;8.20;0.16;-20;-19;86;263;-207;55;99108.25;13.69;0;0;0;0
Sporadic-A2;52068;0.91;0.10;8.19;0.07;-55;16;63;262;-206;50;99113.12;13.70;0;0;0;0
Sporadic-A2;53092;1.42;0.38;8.19;0.03;-26;-21;79;263;-205;63;99108.47;13.71;0;0;0;0
Sporadic-A2;54116;1.26;0.06;8.18;0.07;-16;-18;92;259;-207;59;99110.37;13.73;0;0;0;0
Sporadic-A2;55140;1.04;0.05;8.19;0.08;-17;-23;90;261;-201;55;99112.95;13.74;0;0;0;0
Sporadic-A2;56166;1.25;0.03;8.20;0.08;-22;-38;90;266;-214;54;99110.42;13.75;0;0;0;0
Sporadic-A2;57190;1.19;0.14;8.19;0.04;-27;-18;95;264;-210;58;99111.17;13.77;0;0;0;0
Sporadic-A2;58215;0.84;0.15;8.19;0.05;-17;-27;89;266;-204;54;99115.24;13.78;0;0;0;0
Sporadic-A2;59239;0.81;0.13;8.19;0.11;-14;-24;90;265;-207;57;99115.60;13.79;0;0;0;0
Sporadic-A2;60263;0.63;0.07;8.19;0.07;-16;-17;90;267;-209;59;99117.71;13.81;0;0;0;0
Sporadic-A2;61287;0.73;0.01;8.18;0.08;-17;-19;91;259;-205;49;99116.55;13.82;0;0;0;0
Sporadic-A2;62313;0.76;0.09;8.19;0.12;-18;-37;91;266;-208;52;99116.22;13.83;0;0;0;0
Sporadic-A2;63337;0.59;0.08;8.19;0.05;-19;-13;89;270;-208;60;99118.17;13.85;0;0;0;0
Sporadic-A2;64361;1.01;0.05;8.19;0.02;-12;-22;86;259;-205;55;99113.30;13.86;0;0;0;0
Sporadic-A2;65385;1.05;0.09;8.19;0.07;-18;-19;89;264;-208;52;99112.80;13.88;0;0;0;0
Sporadic-A2;873;0.86;0.17;8.19;0.04;-18;-22;88;266;-210;56;99115.04;13.88;0;0;0;0
Sporadic-A2;1897;1.16;0.08;8.18;0.06;-17;-22;89;264;-204;50;99111.52;13.89;0;0;0;0
Sporadic-A2;2924;1.17;0.08;8.19;0.06;-18;-15;88;268;-210;52;99111.42;13.91;0;0;0;0
Sporadic-A2;3948;0.33;0.16;8.18;0.02;-23;-20;87;262;-208;62;99121.30;13.91;0;0;0;0
Sporadic-A2;4972;1.12;0.10;8.18;0.03;-18;-18;88;270;-206;52;99111.97;13.89;0;0;0;0
Sporadic-A2;5996;1.32;0.06;8.18;0.07;-15;-25;90;263;-207;53;99109.25;13.90;0;0;0;0
Sporadic-A2;7020;1.36;0.06;8.18;0.01;-20;-14;91;262;-214;56;99109.14;13.91;0;0;0;0
Sporadic-A2;8043;1.31;0.06;8.19;0.09;-16;-14;90;264;-212;64;99109.78;13.93;0;0;0;0
Sporadic-A2;9067;1.44;0.04;8.19;0.07;-13;-14;88;264;-206;58;99108.21;13.94;0;0;0;0
Sporadic-A2;10094;0.83;0.13;8.19;0.02;-12;-23;68;261;-207;49;99115.35;13.95;0;0;0;0
Sporadic-A2;11118;0.62;0.15;8.19;0.00;-22;-12;90;267;-205;63;99117.84;13.93;0;0;0;0
Sporadic-A2;12142;1.16;0.08;8.19;0.09;-19;-12;90;262;-214;60;99111.90;13.93;0;0;0;0
Sporadic-A2;13166;0.98;0.16;8.19;0.12;0;-7;88;263;-213;61;99113.63;13.93;0;0;0;0
Sporadic-A2;14190;0.50;0.04;8.16;0.13;-45;-26;106;270;-212;52;99119.28;13.93;0;0;0;0
Sporadic-A2;15214;0.89;0.09;8.18;0.05;-17;-13;96;265;-201;57;99114.71;13.94;0;0;0;0
Sporadic-A2;16240;0.97;0.12;8.19;0.02;-32;-14;54;264;-204;54;99113.78;13.93;0;0;0;0
Sporadic-A2;17264;1.57;0.03;8.18;0.04;-21;-1;52;267;-205;55;99106.63;13.95;0;0;0;0
Sporadic-A2;18288;0.95;0.21;8.15;0.05;-52;-14;64;269;-211;57;99113.97;13.94;0;0;0;0
Sporadic-A2;19312;1.07;0.07;8.21;0.12;12;-12;116;262;-200;56;99112.52;13.95;0;0;0;0
Sporadic-A2;20337;1.39;0.10;8.18;0.01;15;8;101;267;-211;63;99108.77;13.96;0;0;0;0
Sporadic-A2;21361;2.16;0.13;8.27;0.02;-14;-127;99;264;-214;64;99099.71;13.96;0;0;0;0
Sporadic-A2;22387;1.59;0.08;8.14;0.12;-22;44;86;271;-213;61;99106.47;13.97;0;0;0;0
Sporadic-A2;23411;0.90;0.04;8.17;0.05;-19;-118;92;266;-212;56;99114.57;13.95;0;0;0;0
Sporadic-A2;24435;1.00;0.04;8.20;0.01;-19;-20;77;269;-207;65;99113.37;13.95;0;0;0;0
Sporadic-A2;25459;1.22;0.07;8.19;0.14;-11;-27;81;269;-205;59;99110.78;13.95;0;0;0;0
Sporadic-A2;26483;1.54;0.61;8.19;0.31;49;124;72;262;-210;50;99106.97;13.95;0;0;0;0
Sporadic-A2;27507;1.31;0.33;8.18;0.15;-9;-17;78;268;-204;50;99109.71;13.96;0;0;0;0
Sporadic-A2;28534;1.06;0.10;8.20;0.27;-13;-42;86;272;-210;56;99112.61;13.96;0;0;0;0
Sporadic-A2;29558;1.32;0.08;8.19;0.02;-17;-31;89;268;-206;60;99109.63;13.96;0;0;0;0
Sporadic-A2;30582;0.96;0.11;8.18;0.06;-19;-28;87;263;-201;51;99113.83;13.97;0;0;0;0
Sporadic-A2;31606;0.91;0.10;8.19;0.01;-17;-19;89;260;-214;58;99114.45;13.95;0;0;0;0
Sporadic-A2;32630;0.32;0.11;8.18;0.10;-21;-13;87;276;-208;56;99121.39;13.95;0;0;0;0
Sporadic-A2;33654;-0.25;0.18;8.16;0.02;-21;-3;82;275;-207;57;99128.17;13.94;0;0;0;0
Sporadic-A2;34681;1.05;0.13;8.19;0.11;-20;-17;83;268;-200;60;99112.82;13.92;0;0;0;0
Sporadic-A2;35705;-0.38;0.00;8.22;0.15;-69;-32;30;271;-205;53;99129.68;13.91;0;0;0;0
Sporadic-A2;36729;0.72;0.15;8.23;0.02;-12;-39;88;269;-207;53;99116.74;13.87;0;0;0;0
Sporadic-A2;37753;0.76;0.03;8.21;0.09;-15;-36;88;275;-205;59;99115.10;13.85;0;0;0;0
Sporadic-A2;38777;0.86;0.13;8.17;0.18;-16;0;84;263;-199;61;99115.08;13.83;0;0;0;0
Sporadic-A2;39801;1.01;0.15;8.19;0.17;-5;-10;73;272;-206;58;99113.30;13.82;0;0;0;0
Sporadic-A2;40827;1.20;0.01;8.18;0.02;-22;-27;95;265;-213;57;99111.06;13.82;0;0;0;0
Sporadic-A2;41851;1.91;0.00;8.19;0.08;-26;-1;100;268;-202;56;99102.71;13.83;0;0;0;0
Sporadic-A2;42875;1.93;0.10;8.18;0.10;-5;-19;83;264;-210;54;99102.38;13.85;0;0;0;0
Sporadic-A2;43899;1.42;0.06;8.19;0.08;-20;-27;92;270;-208;58;99108.46;13.86;0;0;0;0
Sporadic-A2;44923;1.42;0.04;8.19;0.08;-26;-17;97;268;-208;56;99108.47;13.87;0;0;0;0
Sporadic-A2;45947;1.44;0.02;8.19;0.04;-8;-38;90;273;-211;55;99108.18;13.87;0;0;0;0
Sporadic-A2;46974;1.10;0.05;8.20;0.15;-18;-18;90;278;-204;60;99112.17;13.87;0;0;0;0
Sporadic-A2;47998;0.88;0.03;8.19;0.09;-18;-10;92;265;-201;51;99114.80;13.87;0;0;0;0
Sporadic-A2;49022;1.07;0.08;8.19;0.10;-17;-22;88;266;-208;56;99112.53;13.88;0;0;0;0
Sporadic-A2;50046;1.15;0.06;8.19;0.11;-15;-20;88;268;-210;56;99111.62;13.88;0;0;0;0
Sporadic-A2;51070;1.04;0.07;8.19;0.14;-19;-9;88;278;-212;64;99112.97;13.88;0;0;0;0
Sporadic-A2;52094;0.80;0.08;8.19;0.12;-20;-18;88;266;-208;56;99115.71;13.88;0;0;0;0
Sporadic-A2;53121;0.08;0.04;8.18;0.14;-18;-14;88;268;-210;58;99124.27;13.87;0;0;0;0
Sporadic-A2;54145;0.04;0.03;8.19;0.01;-17;-1;113;271;-205;59;99124.72;13.87;0;0;0;0
Sporadic-A2;55169;0.75;0.23;8.22;0.03;-69;-1;68;273;-207;61;99116.41;13.85;0;0;0;0
Sporadic-A2;56193;0.71;0.14;8.19;0.16;4;-8;78;279;-209;55;99116.77;13.86;0;0;0;0
Sporadic-A2;57217;0.66;0.10;8.20;0.13;-6;-14;89;263;-209;53;99118.19;13.85;0;0;0;0
Sporadic-A2;58241;0.44;0.11;8.20;0.06;-14;8;86;276;-210;64;99119.99;13.84;0;0;0;0
Sporadic-A2;59267;-0.74;0.14;8.16;0.05;-20;-16;91;266;-200;62;99133.89;13.82;0;0;0;0
Sporadic-A2;60291;0.60;0.07;8.24;0.02;-21;-48;63;268;-204;56;99118.14;13.79;0;0;0;0
Sporadic-A2;61315;-0.01;0.00;8.19;0.14;-12;-20;88;267;-203;59;99125.28;13.79;0;0;0;0
Sporadic-A2;62339;1.40;0.13;8.18;0.05;-27;-5;97;274;-208;60;99108.65;13.77;0;0;0;0
Sporadic-A2;63364;1.16;0.09;8.19;0.01;-39;-33;61;262;-208;58;99111.51;13.77;0;0;0;0
Sporadic-A2;64388;0.96;0.05;8.24;0.18;-17;-37;88;265;-211;57;99113.83;13.76;0;0;0;0
Sporadic-A2;65414;1.29;0.10;8.20;0.05;-16;-21;92;276;-208;62;99110.01;13.75;0;0;0;0
Sporadic-A2;902;1.88;0.27;8.33;0.47;178;-110;168;267;-215;57;99102.99;13.76;0;0;0;0
Sporadic-A2;1926;1.96;0.07;8.18;0.06;-12;-21;88;271;-211;61;99102.12;13.78;0;0;0;0
Sporadic-A2;2950;1.90;0.11;8.18;0.13;-9;-8;89;267;-209;61;99102.75;13.79;0;0;0;0
Sporadic-A2;3974;1.96;0.06;8.18;0.01;-19;6;88;267;-205;55;99102.10;13.80;0;0;0;0
Sporadic-A2;4998;1.40;0.14;8.19;0.25;-34;-24;76;272;-206;60;99111.82;13.82;0;0;0;0
Sporadic-A2;6024;2.62;0.48;16.00;0.04;-203;-1789;293;264;-216;54;99094.23;13.80;0;0;0;0
Sporadic-A2;7049;50.08;1.61;0.41;0.21;-229;-3522;-345;258;-224;-16;98535.72;13.80;1;0;0;0
Sporadic-A2;8073;100.72;1.40;2.21;0.01;-16;-2849;-547;392;-220;-68;97942.47;13.72;1;0;0;0
Sporadic-A2;9098;140.15;0.39;1.47;0.32;99;-2894;48;378;-216;58;97482.67;13.66;1;0;0;0
Sporadic-A2;10122;166.95;0.79;0.93;0.24;29;-1954;757;207;-189;69;97171.08;13.61;1;0;0;0
Sporadic-A2;11146;183.62;0.41;0.41;0.21;188;-1516;373;158;-168;-80;96977.71;13.54;1;0;0;0
Sporadic-A2;12173;190.30;0.35;0.28;0.29;915;-457;474;169;-81;-203;96898.78;13.50;1;0;0;0
Sporadic-A2;13197;187.49;0.32;0.35;0.28;741;-688;328;238;64;-256;96932.83;13.48;1;0;0;0
Sporadic-A2;14222;174.93;4.51;1.64;0.03;1127;7400;-7726;136;96;-190;97078.49;13.44;1;0;0;0
Sporadic-A2;15246;148.80;3.35;9.36;5.30;-8587;-4708;20699;264;-216;-38;97381.92;13.32;1;1;0;0
Sporadic-A2;16271;147.11;4.05;1.21;6.42;3621;2383;5587;159;163;153;97401.60;12.73;1;1;0;0
Sporadic-A2;17298;124.91;3.79;2.99;8.45;-4760;-8419;3645;353;-119;181;97660.17;12.72;1;1;0;0
Sporadic-A2;18322;115.99;1.13;0.03;7.63;2188;457;-1563;298;-54;212;97764.17;12.47;1;1;0;0
Sporadic-A2;19347;90.12;1.04;5.48;1.70;4649;7478;5361;296;-228;-26;98066.42;12.39;1;1;0;0
Sporadic-A2;20371;84.09;5.45;2.53;4.30;149;14323;5167;571;1;43;98136.97;12.28;1;1;0;0
Sporadic-A2;21395;65.83;3.15;2.84;5.18;-2575;20263;4163;507;-149;9;98350.89;12.15;1;1;0;0
Sporadic-A2;22420;46.64;5.37;5.27;4.24;2640;8465;869;276;-192;96;98576.16;11.87;1;1;1;0
Sporadic-A2;23446;39.01;0.39;2.33;9.33;-199;9664;4556;405;41;207;98665.74;11.65;1;1;1;0
Sporadic-A2;24471;25.65;6.60;0.42;5.76;-5586;15847;-3416;79;55;121;98822.90;11.57;1;1;1;0
Sporadic-A2;25495;8.88;4.91;2.16;5.51;-595;8273;-2736;158;-118;120;99020.41;11.46;1;1;1;0
Sporadic-A2;26520;0.91;16.00;2.34;16.00;3547;-32768;-80;401;113;185;99114.42;11.39;1;1;1;1
Sporadic-A2;27544;-0.75;8.69;0.41;2.88;108;9165;-469;17;113;-63;99134.00;11.33;1;1;1;1
Sporadic-A2;28568;-0.40;8.03;0.21;0.89;-7;-18;56;7;121;7;99129.96;11.41;1;1;1;1
Sporadic-A2;29594;-0.57;8.03;0.20;0.89;-7;-22;59;7;119;-11;99131.89;11.46;1;1;1;1
Sporadic-A2;30618;-0.80;8.06;0.20;0.86;-9;-14;59;7;117;-7;99134.58;11.51;1;1;1;1
Sporadic-A2;31642;-0.69;8.04;0.20;0.88;-9;-20;59;5;107;-3;99133.35;11.54;1;1;1;1
Sporadic-A2;32666;-0.76;8.05;0.19;0.87;-8;-21;60;2;120;2;99134.11;11.57;1;1;1;1
Sporadic-A2;33690;-0.84;8.04;0.20;0.88;-8;-14;58;7;123;-1;99135.14;11.63;1;1;1;1
Sporadic-A2;34714;-1.19;8.04;0.20;0.87;-7;-23;60;5;123;-9;99139.20;11.68;1;1;1;1
Sporadic-A2;35740;-0.92;8.04;0.20;0.90;-8;-25;60;5;115;-5;99136.04;11.73;1;1;1;1
Sporadic-A2;36764;-0.87;8.04;0.19;0.88;-7;-17;60;7;121;1;99135.41;11.77;1;1;1;1
Sporadic-A2;37788;-1.11;8.04;0.20;0.89;-7;-22;59;1;115;-5;99138.25;11.82;1;1;1;1
Sporadic-A2;38812;-0.77;8.04;0.21;0.91;-7;-12;60;10;120;-8;99134.25;11.86;1;1;1;1
Sporadic-A2;39836;-1.30;8.04;0.20;0.85;-7;-19;59;3;123;-3;99140.52;11.90;1;1;1;1
Sporadic-A2;40860;-0.88;8.05;0.20;0.82;-7;-9;61;7;111;1;99135.53;11.94;1;1;1;1
Sporadic-A2;41886;-0.97;8.05;0.20;0.77;-6;-32;60;7;109;3;99136.67;11.99;1;1;1;1
Sporadic-A2;42910;-1.02;8.05;0.20;0.82;-8;-13;59;7;115;1;99137.22;12.04;1;1;1;1
Sporadic-A2;43934;-0.77;8.04;0.20;0.81;-5;0;58;10;114;2;99134.24;12.08;1;1;1;1
Sporadic-A2;44958;-0.90;8.05;0.19;0.82;-6;-49;59;11;119;-3;99135.82;12.12;1;1;1;1
Sporadic-A2;45982;-0.33;3.39;2.78;5.40;1187;5987;1674;488;122;134;99129.13;12.16;1;1;1;1
Sporadic-A2;47006;-0.50;6.87;0.12;1.75;-420;-438;236;539;53;9;99131.14;12.19;1;1;1;1
Sporadic-A2;48032;-0.18;8.03;0.26;2.96;342;542;512;538;22;30;99127.32;12.22;1;1;1;1
Sporadic-A2;49056;-0.32;8.18;4.21;1.40;275;-1421;-4761;498;158;-20;99128.95;12.24;1;1;1;1
Sporadic-A2;50081;0.10;4.83;3.10;1.90;-7081;-155;12400;496;-56;-114;99124.08;12.25;1;1;1;1
Sporadic-A2;51105;0.02;8.38;3.72;0.14;-893;-367;801;473;-147;-3;99124.90;12.26;1;1;1;1
Sporadic-A2;52129;3.17;7.16;0.24;2.24;-2427;1574;-1187;478;-124;-48;99087.80;12.26;1;1;1;1
Sporadic-A2;53154;-0.35;4.28;2.23;2.25;-848;-1250;-1665;523;107;-5;99129.28;12.27;1;1;1;1
Sporadic-A2;54180;-1.05;5.55;5.62;3.47;634;612;169;479;189;-53;99137.60;12.27;1;1;1;1
Sporadic-A2;55205;-2.32;7.45;1.01;4.11;-2152;-380;-1756;504;162;-48;99152.57;12.27;1;1;1;1
Sporadic-A2;56229;-1.52;3.90;2.05;4.19;2624;488;-200;496;136;-74;99143.13;12.22;1;1;1;1
Sporadic-A2;57253;-0.32;6.11;1.78;6.95;2359;-356;828;448;130;-158;99132.10;12.22;1;1;1;1
Sporadic-A2;58278;-1.19;5.16;3.06;10.48;3258;-458;-231;498;80;-136;99139.28;12.16;1;1;1;1
Sporadic-A2;59302;-1.44;3.09;2.74;8.64;1732;-359;-1447;437;99;-185;99142.21;12.19;1;1;1;1
Sporadic-A2;60329;-0.55;3.22;3.41;2.99;4416;-1046;-4135;478;170;-86;99131.72;12.21;1;1;1;1
Sporadic-A2;61353;-2.10;4.11;4.60;2.31;-95;134;-106;406;258;8;99149.99;12.21;1;1;1;1
Sporadic-A2;62377;1.99;2.05;9.51;1.54;2421;1908;1941;362;272;62;99101.71;12.16;1;1;1;1
Sporadic-A2;63403;1.69;1.78;9.53;0.44;1054;-782;437;375;273;65;99105.21;12.19;1;1;1;1
Sporadic-A2;64427;2.72;0.29;6.95;0.57;-10;-39;672;366;260;98;99093.13;12.22;1;1;1;1
Sporadic-A2;65451;1.93;1.42;6.40;4.03;-3627;-1315;2275;405;245;99;99102.43;12.23;1;1;1;1
Sporadic-A2;942;-1.98;8.71;0.40;7.38;-306;-107;1280;503;123;-79;99145.60;12.23;1;1;1;1
Sporadic-A2;1966;-2.15;5.34;5.08;6.80;-1084;340;-1409;484;180;-44;99150.57;12.24;1;1;1;1
Sporadic-A2;2990;-0.94;6.72;3.39;4.08;-921;-237;-1386;488;174;-24;99136.32;12.23;1;1;1;1
Sporadic-A2;4014;0.49;2.11;4.67;0.75;-1249;-1575;690;435;235;61;99119.44;12.21;1;1;1;1
Sporadic-A2;5038;-1.71;8.73;5.37;0.38;-489;76;-1976;428;236;44;99145.40;12.19;1;1;1;1
Sporadic-A2;6065;-1.42;5.05;6.44;3.19;1239;1874;-957;442;230;0;99141.97;12.13;1;1;1;1
Sporadic-A2;7089;-1.88;4.30;3.31;1.68;-98;949;70;476;172;66;99147.41;12.12;1;1;1;1
Sporadic-A2;8113;-1.25;5.40;1.16;1.70;707;65;-697;486;176;8;99139.95;12.11;1;1;1;1
Sporadic-A2;9137;-0.95;4.63;4.67;6.74;689;503;-181;431;241;-9;99136.39;12.09;1;1;1;1
Sporadic-A2;10161;-1.98;7.79;7.63;1.31;-631;-407;-1044;449;219;73;99148.50;12.02;1;1;1;1
Sporadic-A2;11186;-0.58;3.01;5.10;2.24;-803;-399;1198;402;260;42;99132.00;11.93;1;1;1;1
Sporadic-A2;12212;-0.26;2.79;3.42;1.31;-60;33;488;437;223;67;99128.27;11.92;1;1;1;1
Sporadic-A2;13236;-0.79;7.29;6.03;1.38;-838;-855;-1226;424;248;8;99134.53;11.90;1;1;1;1
Sporadic-A2;14260;-2.66;6.08;5.19;4.24;990;-2768;-2607;412;248;2;99156.51;11.85;1;1;1;1
Sporadic-A2;15285;-0.26;1.95;9.24;3.45;291;1860;-1566;310;290;36;99128.24;11.86;1;1;1;1
Sporadic-A2;16309;-0.67;3.54;7.23;1.20;837;573;-598;399;261;51;99133.10;11.85;1;1;1;1
Sporadic-A2;17333;-1.47;2.98;3.42;1.80;476;688;-43;440;230;26;99142.50;11.81;1;1;1;1
Sporadic-A2;18360;-1.09;2.61;2.15;2.90;1034;1841;62;448;236;-16;99138.03;11.75;1;1;1;1
Sporadic-A2;19384;-0.61;5.26;2.74;3.49;433;1236;1204;465;205;-7;99129.64;11.75;1;1;1;1
Sporadic-A2;20408;0.82;5.54;6.87;2.43;-959;-273;1287;415;253;29;99115.57;11.79;1;1;1;1
Sporadic-A2;21432;-1.12;6.51;7.33;4.00;800;954;-735;414;244;38;99138.41;11.79;1;1;1;1
Sporadic-A2;22456;0.18;2.51;9.50;0.44;-2145;49;2427;352;250;120;99123.03;11.78;1;1;1;1
Sporadic-A2;23480;-0.46;2.77;6.23;0.43;-1093;-955;1557;391;235;125;99130.60;11.78;1;1;1;1
Sporadic-A2;24507;0.95;2.17;3.89;1.12;-117;1606;1163;457;217;39;99113.96;11.81;1;1;1;1
Sporadic-A2;25531;1.07;1.76;5.85;0.77;-257;-2272;924;355;257;99;99112.60;11.84;1;1;1;1
Sporadic-A2;26556;0.50;2.46;9.67;2.32;-1008;-1602;2135;325;269;111;99119.32;11.84;1;1;1;1
Sporadic-A2;27580;-0.56;2.99;8.69;1.15;-124;-235;-959;369;267;71;99131.81;11.78;1;1;1;1
Sporadic-A2;28604;0.66;2.47;6.97;0.70;225;189;-426;377;267;65;99117.41;11.78;1;1;1;1
Sporadic-A2;29629;0.50;1.23;4.83;0.41;420;1198;-645;396;254;72;99119.25;11.73;1;1;1;1
Sporadic-A2;30655;-0.89;3.35;3.67;0.12;1276;1844;-166;414;240;80;99135.63;11.74;1;1;1;1
Sporadic-A2;31679;-0.08;4.11;6.67;1.24;-292;708;-629;382;250;114;99126.08;11.74;1;1;1;1
Sporadic-A2;32704;-1.21;9.18;1.75;3.59;2610;405;-1002;492;172;4;99139.47;11.73;1;1;1;1
Sporadic-A2;33728;-1.13;9.27;4.25;5.08;1023;151;-882;475;185;-9;99138.55;11.76;1;1;1;1
Sporadic-A2;34752;-0.54;6.93;5.42;6.52;861;-581;-1089;483;195;7;99131.59;11.79;1;1;1;1
Sporadic-A2;35776;0.21;6.23;6.06;3.85;-723;-321;-767;451;209;71;99122.65;11.81;1;1;1;1
Sporadic-A2;36803;-0.22;7.76;6.46;3.27;-871;181;1958;458;190;82;99127.77;11.84;1;1;1;1
Sporadic-A2;37827;-1.02;10.62;3.72;3.63;-1032;-1903;989;507;139;63;99137.22;11.85;1;1;1;1
Sporadic-A2;38852;-0.22;6.10;4.82;3.22;-380;269;12;489;173;35;99131.11;11.88;1;1;1;1
Sporadic-A2;39876;-0.07;3.94;5.77;2.75;-609;-277;745;502;162;32;99125.98;11.91;1;1;1;1
Sporadic-A2;40900;-0.88;4.30;2.29;3.68;-337;529;-1874;525;81;-7;99135.58;11.93;1;1;1;1
Sporadic-A2;41927;-0.83;5.14;1.32;0.34;-884;-653;-130;510;10;98;99134.99;11.95;1;1;1;1
Sporadic-A2;42951;-0.70;4.67;2.70;0.63;-331;206;-1090;485;141;91;99133.42;11.99;1;1;1;1
Sporadic-A2;43976;-1.41;5.58;1.68;1.97;361;-641;-1318;519;109;41;99141.77;12.01;1;1;1;1
Sporadic-A2;45000;-1.93;5.61;4.02;0.59;1587;-504;-1452;495;145;59;99147.91;12.01;1;1;1;1
Sporadic-A2;46024;-0.94;10.06;2.14;1.39;184;-247;2207;535;63;21;99136.27;12.04;1;1;1;1
Sporadic-A2;47048;-0.79;8.71;0.52;2.81;-3675;-1669;1469;525;89;-1;99134.53;12.05;1;1;1;1
Sporadic-A2;48075;-1.85;7.51;2.04;2.36;-226;719;-192;528;-28;-10;99147.08;12.07;1;1;1;1
Sporadic-A2;49099;-0.50;4.78;0.76;0.92;2241;902;-598;531;67;-13;99131.14;12.09;1;1;1;1
Sporadic-A2;50124;-0.01;4.86;0.48;1.89;1568;-75;618;533;67;-7;99125.32;12.12;1;1;1;1
Sporadic-A2;51148;-1.00;7.73;0.06;1.27;602;-206;-1816;509;17;119;99137.02;12.13;1;1;1;1
Sporadic-A2;52172;0.35;7.46;0.31;1.81;1212;1191;713;525;-23;45;99121.03;12.13;1;1;1;1
Sporadic-A2;53196;0.69;8.42;0.09;0.38;-776;-129;181;524;-36;42;99117.03;12.16;1;1;1;1
Sporadic-A2;54223;-0.22;7.45;0.44;2.99;-81;674;238;525;-13;27;99127.75;12.21;1;1;1;1
Sporadic-A2;55247;0.42;0.94;9.02;1.75;-805;-706;-4557;322;276;80;99120.27;12.22;1;1;1;1
Sporadic-A2;56271;0.47;1.01;6.88;0.15;82;898;-296;350;270;78;99119.69;12.21;1;1;1;1
Sporadic-A2;57295;1.34;5.14;9.94;3.07;-4370;-1537;-1170;447;217;-27;99120.47;12.24;1;1;1;1
Sporadic-A2;58320;0.35;8.09;1.75;4.44;1822;-627;934;491;151;-85;99121.10;12.26;1;1;1;1
Sporadic-A2;59344;0.82;7.89;1.71;6.23;1346;-266;1628;532;54;-58;99115.46;12.29;1;1;1;1
Sporadic-A2;60370;0.81;6.07;0.99;5.64;417;-68;461;506;-14;-118;99115.60;12.33;1;1;1;1
Sporadic-A2;61394;0.82;1.77;7.84;2.56;-588;303;644;390;232;-136;99115.50;12.37;1;1;1;1
